$ANSIBLE_VAULT;1.1;AES256
37363837383238393739656136333033356536356363663832643162316239363564366137363761
6261313836346236333739353266323534373536386134320a663365343631396139373965633435
62626365366334653662306263393739336431323165333638393265363437646634376330373263
6366643834653238360a366532386332653135656236363265386136303731373637633563393634
64663134613061643464313863313733326366346433373761666464626632386162613137366534
39613666646266343566333866313263326261623935313061383031333335343364313631343230
61636261346635363437343639656564636530633465333335333762633238346564323363363162
33613639666331383533376335626566343162386666366139366535613765303162666163626134
33393731366465336531396130323236376165623838626261643437323161643338356130346365
63333661613932323639376437326137613733666566366662353562663061623635633433616336
62643866373764313965656537623239333536356335613232313664613834353362336266643435
37663132326539313733626138643235313164366538653564373664626662303736336532346136
62306637383430396236656633643961366439353366383034656539353633346131
